00000 103.1287
00001 102.7584
00002 103.2898
00003 103.5497
00004 107.0112
00005 109.5616
00006 144.9366
00007 207.3193
00008 202.7231
00009 216.3928
00010 222.1401
00011 217.6112
00012 221.9412
00013 225.0704
00014 221.7310
00015 217.7724
00016 213.3775
00017 212.3565
00018 210.9665
00019 206.7379
00020 203.3990
00021 201.3472
00022 203.0476
00023 198.1280
00024 195.6954
00025 191.6853
00026 187.0708
00027 181.1602
00028 176.0005
00029 189.1376
00030 204.1650
00031 194.5904
00032 187.3742
00033 181.7270
00034 173.4132
00035 174.2883
00036 166.8576
00037 161.3359
00038 161.2782
00039 155.5928
00040 153.1395
00041 150.0097
00042 145.8374
00043 137.6768
00044 129.9085
00045 122.8216
00046 118.7141
00047 168.0114
00048 169.1942
00049 166.3586
00050 164.1084
00051 159.7599
00052 174.2283
00053 168.6286
00054 168.1335
00055 166.6425
00056 170.4815
00057 174.2331
00058 179.2173
00059 185.1957
00060 191.6533
00061 195.9545
00062 197.4885
00063 199.8129
00064 201.6373
00065 207.0336
00066 210.8990
00067 213.0208
00068 217.9495
00069 225.3111
00070 230.8736
00071 234.1302
00072 234.2622
00073 234.5688
00074 231.6899
00075 224.5190
00076 219.4464
00077 215.3537
00078 212.7721
00079 209.8360
00080 207.2534
00081 206.5481
00082 205.2143
00083 206.5508
00084 203.4159
00085 194.9037
00086 189.3344
00087 182.5124
00088 175.1690
00089 168.3515
00090 134.9988
00091 132.0049
00092 130.3223
00093 129.1325
00094 128.4261
00095 127.3695
00096 127.0717
00097 125.0562
00098 121.4739
00099 116.5437
00100 111.2323
00101 106.2417
00102 92.7533
00103 95.2770
00104 99.3032
00105 100.0778
00106 97.4276
00107 99.4743
00108 104.2647
00109 101.7775
00110 96.4450
00111 98.5005
00112 95.5431
00113 94.5020
00114 95.0375
00115 98.1000
00116 99.9499
00117 102.7442
00118 105.2851
00119 103.5929
00120 99.1093
00121 97.7645
00122 103.3792
00123 110.8022
00124 118.0654
00125 120.6396
00126 122.1818
00127 125.0505
00128 129.7760
00129 130.8316
00130 128.3027
00131 126.2728
00132 127.1379
00133 124.5883
00134 106.6167
00135 104.4282
00136 111.9111
00137 118.8907
00138 122.6774
00139 122.0459
00140 121.0549
00141 121.1067
00142 121.0838
00143 103.2575
00144 100.8236
00145 95.9554
00146 91.1687
00147 89.5480
00148 113.1371
00149 112.1645
00150 109.4921
00151 105.9759
00152 108.3886
00153 111.2086
00154 112.5464
00155 114.4575
00156 86.8147
00157 83.2286
00158 85.4285
00159 91.8261
00160 96.6130
00161 101.4481
00162 106.8516
00163 110.8565
00164 112.2350
00165 108.4237
00166 103.4906
00167 99.8101
00168 95.4683
00169 94.4163
00170 94.2751
00171 95.7113
00172 97.6880
00173 98.7178
00174 100.1304
00175 102.7651
00176 104.6347
00177 101.3186
00178 97.2050
00179 93.2153
00180 91.6878
00181 91.4526
00182 92.0104
00183 93.3705
00184 96.7331
00185 103.7909
00186 112.4603
00187 114.9525
00188 118.2087
00189 119.0278
00190 102.1378
00191 102.3215
00192 100.5046
00193 95.9951
00194 90.8449
00195 87.7560
00196 86.4743
00197 89.0763
00198 95.7561
00199 102.7371
00200 105.0877
00201 105.4050
00202 103.6851
00203 100.4820
00204 101.2625
00205 104.1258
00206 106.0094
00207 106.2163
00208 102.0746
00209 88.9041
00210 86.8014
00211 86.4491
00212 86.0712
00213 87.4778
00214 88.6440
00215 87.2462
00216 87.1672
00217 88.6083
00218 92.0444
00219 93.7213
00220 93.5345
00221 94.5989
00222 95.1281
00223 96.3548
00224 99.3414
00225 103.0511
00226 108.4262
00227 108.6717
00228 104.5938
00229 100.7722
00230 95.4096
00231 90.3509
00232 86.5060
00233 92.2079
00234 107.3201
00235 105.6643
00236 103.8166
00237 81.9015
00238 111.7651
00239 113.2676
00240 74.0071
00241 109.9500
00242 104.8715
00243 97.1059
00244 89.4310
00245 84.5282
00246 83.5908
00247 134.5203
00248 129.5715
00249 127.8875
00250 128.2559
00251 128.8407
00252 132.3940
00253 136.7339
00254 141.0892
00255 142.6473
00256 142.0957
00257 141.5392
00258 139.7065
00259 138.3606
00260 141.9394
00261 143.1942
00262 143.7552
00263 145.6435
00264 147.2580
00265 149.5425
00266 151.5979
00267 155.6583
00268 158.7911
00269 158.2436
00270 156.6896
00271 154.6140
00272 133.2897
00273 129.3255
00274 124.6834
00275 110.7458
00276 107.2911
00277 105.1801
00278 102.1673
00279 98.2273
00280 90.3188
00281 85.4711
00282 141.6904
00283 148.7903
00284 164.6373
00285 171.7905
00286 175.5497
00287 175.8527
00288 173.6143
00289 167.6411
00290 152.6722
00291 155.2595
00292 158.6864
00293 161.1478
00294 167.2438
00295 170.3827
00296 173.9079
00297 174.5850
00298 175.0997
00299 175.8635
00300 173.4315
00301 162.5682
00302 121.8659
00303 113.4573
00304 106.1663
00305 101.9007
00306 133.0203
00307 145.8416
00308 143.3443
00309 137.0828
00310 136.3845
00311 139.1880
00312 140.1506
00313 142.1225
00314 161.1867
00315 166.3236
00316 170.3412
00317 173.0307
00318 145.6879
00319 136.5005
00320 142.6561
00321 140.2102
00322 136.4796
00323 131.3710
00324 116.8497
00325 112.0652
00326 113.3193
00327 83.4341
00328 84.8668
00329 87.2113
00330 102.8608
00331 96.3861
00332 91.8843
00333 108.3364
00334 113.9371
00335 113.1589
00336 108.6677
00337 108.0112
00338 112.1029
00339 113.8114
00340 110.5851
00341 106.8434
00342 109.9663
00343 109.7293
00344 104.7669
00345 105.5243
00346 106.3513
00347 110.5783
00348 112.9659
00349 110.2372
00350 112.6557
00351 113.0621
00352 110.1316
00353 103.7157
00354 97.7333
00355 128.3173
00356 116.0768
00357 119.2869
00358 116.8678
00359 115.1389
00360 115.2109
00361 114.4605
00362 114.7280
00363 114.7321
00364 115.6288
00365 119.2482
00366 124.8276
00367 131.6671
00368 132.6372
00369 111.1330
00370 110.6795
00371 110.0654
00372 110.1781
00373 110.4236
00374 110.1917
00375 110.5851
00376 113.3462
