256 256
256 256
255 255
255 255
254 255
253 255
253 254
250 252
251 250
251 250
252 247
252 247
253 246
254 245
254 244
254 244
255 243
255 243
255 243
255 242
255 242
256 241
256 240
256 239
257 237
257 236
257 236
257 235
256 235
256 234
256 232
257 228
257 228
258 227
258 226
257 224
257 222
256 222
256 222
256 219
255 219
255 218
255 218
254 217
254 217
254 218
254 217
255 218
252 215
252 215
252 214
252 214
251 212
250 209
248 207
248 206
248 206
248 206
248 206
248 206
248 206
248 205
248 205
248 204
248 204
248 204
248 204
248 203
248 203
247 203
247 203
247 203
248 202
248 202
248 202
249 202
249 202
248 202
248 202
248 202
248 202
248 202
248 202
247 202
248 202
248 202
248 202
248 202
248 202
248 202
248 202
248 203
250 202
250 202
250 202
250 202
250 202
250 201
250 201
250 201
249 201
249 201
249 201
250 200
251 200
250 200
249 200
250 200
251 200
249 200
248 200
249 199
249 199
248 199
249 198
250 198
250 198
249 198
249 198
248 198
247 198
248 198
249 198
250 197
250 197
249 197
248 197
247 197
248 196
249 196
248 195
249 195
249 195
249 195
248 195
249 194
251 194
252 194
251 193
250 193
249 193
249 193
249 193
249 193
249 192
249 192
247 192
248 192
248 192
246 191
245 191
245 191
245 191
247 191
246 191
246 191
246 191
245 190
246 190
247 190
247 190
246 189
247 189
246 189
245 189
243 188
243 188
243 188
243 188
244 188
244 188
245 188
245 187
245 187
245 187
245 187
245 187
244 186
243 186
243 186
244 186
244 186
244 185
244 185
245 185
245 185
247 185
246 185
245 184
245 184
244 184
244 183
244 183
243 183
242 183
243 183
243 183
244 182
245 183
247 183
246 182
244 182
243 182
243 182
243 182
245 182
245 182
244 181
243 181
243 181
243 181
244 180
244 181
244 180
244 180
244 180
243 180
244 180
244 180
245 180
244 179
243 179
244 179
244 179
244 179
244 179
245 179
243 179
242 178
242 178
241 178
242 177
242 177
243 177
244 178
243 177
242 177
241 177
242 177
244 177
242 176
243 177
242 176
240 176
240 176
242 177
242 177
243 177
242 176
240 176
241 176
242 176
242 176
243 176
243 176
243 176
243 175
243 175
243 175
243 175
243 175
244 175
243 175
243 175
243 175
244 175
243 175
244 175
245 176
245 175
245 175
245 175
245 175
245 175
245 175
245 175
246 176
247 176
247 176
247 176
246 175
246 176
248 176
248 176
248 176
249 176
249 176
249 175
250 175
250 175
250 175
250 176
251 176
251 176
250 176
251 176
251 176
251 176
251 176
251 176
251 176
251 176
251 176
252 177
251 177
252 177
253 177
253 176
254 176
253 176
254 177
255 177
255 177
255 177
255 177
256 177
257 177
257 177
256 177
258 177
258 178
258 178
257 177
257 177
257 178
257 178
258 178
259 178
258 178
260 179
259 179
258 178
258 179
259 179
260 179
260 179
260 179
260 179
261 180
261 180
260 180
260 180
260 180
261 180
260 180
260 180
261 181
261 181
262 181
260 180
261 180
262 181
261 180
260 180
260 180
260 180
261 180
262 180
262 181
262 180
263 180
262 180
263 180
263 180
263 180
263 180
264 181
264 180
264 180
262 180
263 180
263 180
263 180
263 180
263 180
263 180
263 180
